   1 28b
  10 53
   7 54
   5 54b
   2 56
   1 56b
   4 59
   5 60
   5 60b
   3 62
   5 62b
   2 63
   6 63b
   1 65
   2 66
   1 68b
   1 69
   3 69b
   1 72
   3 72b
   2 73
   1 74
  10 75
   1 77
   1 77b
   1 78
   2 79
   2 80
   4 83
   3 84
   2 84b
   3 85
   4 86
   1 88
   2 88b
   7 89
   2 92
   3 93b
   5 94
   1 94b
   2 95b
  10 96
   4 97
   7 98
   4 99
   4 100
   1 100b
   1 101
   2 104b
   3 105b
   1 106
   7 106b
   6 107
   2 108
   3 108b
   6 109
   5 109b
   4 112
   2 112b
   3 114
   1 114b
   3 115
   2 116
   1 117b
   1 120
   2 122
   2 123
   2 124
   1 126
   4 126b
   1 127
   1 127b
   2 128
   1 128b
   1 129b
   2 131
   3 131b
   1 134b
   4 139b
   3 140
   2 140b
   2 141
   3 142b
   1 143b
   2 144
   1 146
   1 146b
   2 147b
   2 151
   1 152b
   1 153
   1 155
   1 156
   1 158b
   1 160
   6 161
   1 163b
   3 164
   4 164b
   1 165
   1 171
   1 173
   3 175
   2 175b
   2 176b
   1 178
   1 180
   1 181
   1 181b
   3 182
   1 183
   2 183b
   1 184
   1 186b
  10 188
   1 188b
   3 192
   3 194
   3 195
   1 195b
   1 196
   4 199
   1 199b
   4 200b
   1 203
   7 204
   2 206
   1 209
   1 210
   3 210b
   5 216
   4 217
   3 218
   6 218b
   5 219
   2 219b
   6 220
  10 221
   5 223
   1 224
   8 227
   8 227b
   5 228
   1 228b
   1 230
   4 232
   2 232b
   1 234
   4 236
   1 237
   1 239
   1 241
   2 242
   1 242b
   1 246b
   2 251
   2 252
   2 254
   3 255
   4 258
  10 260
   1 262
   9 264
   8 268
   1 268b
   6 269
   1 275
   1 277
   2 279
   4 281
   4 282b
   1 286
   9 290
   1 293
   2 294
   5 300
   1 301
   3 302
   2 302b
   7 303
   1 303b
   7 304
   3 307
   3 310
   1 311
   4 313
   3 313b
   3 317
   1 317b
   1 323
   1 324
   7 326
   4 328
   1 331
   8 332
   5 333
   2 338
   3 342
   6 344
   3 345
   7 347
   1 347b
   2 348
   3 349
   6 350
   7 351
  10 353
   6 354
   6 354b
   3 355
   2 361
   1 361b
   2 365b
   1 370b
   3 379
   2 380
   1 380b
   1 382b
   1 387
   2 392
   1 397