  10 96
  10 75
  10 53
  10 353
  10 260
  10 221
  10 188
   9 290
   9 264
   8 332
   8 268
   8 227b
   8 227
   7 98
   7 89
   7 54
   7 351
   7 347
   7 326
   7 304
   7 303
   7 204
   7 106b
   6 63b
   6 354b
   6 354
   6 350
   6 344
   6 269
   6 220
   6 218b
   6 161
   6 109
   6 107
   5 94
   5 62b
   5 60b
   5 60
   5 54b
   5 333
   5 300
   5 228
   5 223
   5 219
   5 216
   5 109b
   4 99
   4 97
   4 86
   4 83
   4 59
   4 328
   4 313
   4 282b
   4 281
   4 258
   4 236
   4 232
   4 217
   4 200b
   4 199
   4 164b
   4 139b
   4 126b
   4 112
   4 100
   3 93b
   3 85
   3 84
   3 72b
   3 69b
   3 62
   3 379
   3 355
   3 349
   3 345
   3 342
   3 317
   3 313b
   3 310
   3 307
   3 302
   3 255
   3 218
   3 210b
   3 195
   3 194
   3 192
   3 182
   3 175
   3 164
   3 142b
   3 140
   3 131b
   3 115
   3 114
   3 108b
   3 105b
   2 95b
   2 92
   2 88b
   2 84b
   2 80
   2 79
   2 73
   2 66
   2 63
   2 56
   2 392
   2 380
   2 365b
   2 361
   2 348
   2 338
   2 302b
   2 294
   2 279
   2 254
   2 252
   2 251
   2 242
   2 232b
   2 219b
   2 206
   2 183b
   2 176b
   2 175b
   2 151
   2 147b
   2 144
   2 141
   2 140b
   2 131
   2 128
   2 124
   2 123
   2 122
   2 116
   2 112b
   2 108
   2 104b
   1 94b
   1 88
   1 78
   1 77b
   1 77
   1 74
   1 72
   1 69
   1 68b
   1 65
   1 56b
   1 397
   1 387
   1 382b
   1 380b
   1 370b
   1 361b
   1 347b
   1 331
   1 324
   1 323
   1 317b
   1 311
   1 303b
   1 301
   1 293
   1 28b
   1 286
   1 277
   1 275
   1 268b
   1 262
   1 246b
   1 242b
   1 241
   1 239
   1 237
   1 234
   1 230
   1 228b
   1 224
   1 210
   1 209
   1 203
   1 199b
   1 196
   1 195b
   1 188b
   1 186b
   1 184
   1 183
   1 181b
   1 181
   1 180
   1 178
   1 173
   1 171
   1 165
   1 163b
   1 160
   1 158b
   1 156
   1 155
   1 153
   1 152b
   1 146b
   1 146
   1 143b
   1 134b
   1 129b
   1 128b
   1 127b
   1 127
   1 126
   1 120
   1 117b
   1 114b
   1 106
   1 101
   1 100b
